# Characteristic polynomial of the Fano plane (Cooper-Dutle normalisation), degree 448.
# Line k: coefficient of lambda^k, k = 0..448.
0 0
1 0
2 0
3 0
4 0
5 0
6 0
7 0
8 0
9 0
10 0
11 0
12 0
13 0
14 0
15 0
16 0
17 0
18 0
19 0
20 0
21 0
22 0
23 0
24 0
25 0
26 0
27 0
28 0
29 0
30 0
31 0
32 0
33 0
34 0
35 -2129166230552937754424286651000815616
36 0
37 128341408897218747975019500907549163520
38 133033460405289110804213762231050960896
39 -3775997451877096109776864068636946464768
40 -7826541250982949887712954441186636988416
41 68166096197826520521319020916943829860352
42 224758233684207961848866135996584616263680
43 -776265986007300048609724159652155740913664
44 -4115870287964573522396142145244627925467136
45 4447993837161876911099570063912249302450176
46 52733385268764585711441851377619188618100736
47 21121701620105770853953766904285915959525376
48 -484514682997803060302708497537782172096659456
49 -811892263633879441667173515937610004846084096
50 3047431897147674373015231845540690064054419456
51 10316076200335310394064563500279653702922403840
52 -9604226812705120673384504738496235855950118912
53 -84914909625590950157757850863083253322494246912
54 -43091876766922482932217931569927653552541401088
55 485393685679312109486495843296943528012094111744
56 869518425412976764052894722513062463536145367040
57 -1721493267024572568631712000643783046501421285376
58 -6951596848740271297249481491225668913481650274304
59 528439032483097395936450982333946367779687890944
60 36054587492344923275762050072409725968418691088384
61 41614885213268842417223683002611296595369818849280
62 -119246715554048278715416065268848007191170383872000
63 -333962834607311791546790832692982060403099044937728
64 119976994201845568406127467602245585051296748011520
65 1560476427271399664530413334090313902494697169879040
66 1372819974495401996244132999456220783321442716483584
67 -4566582462659847327604292061585257305288741717278720
68 -10683178248779268699449730191214022147420073414885376
69 4491139513770854882674770566257589168542896617422848
70 43967254004045313112460206512754276224569641365667840
71 35285908444795520277970665957834765821085130803904512
72 -109689954467010892900550027499635367924948596296777728
73 -243421964486694769950996606130302703211255580384559104
74 77479642307848680268888096279006651660229427861651456
75 855822938623429024756800928664037811703514341459361792
76 726671947443390125652313419109906632000337169325490176
77 -1750425191746141383374822099287420185413826902520496128
78 -4071905410659120602898354989447478238011915045848481792
79 489429933381276350164815878160042654949111776329859072
80 11872943500565939055195113684018286648609065447347716096
81 11621428834528233287417960510310497454381108317172793344
82 -18944970149117926890533555283403637937150019985146380288
83 -50548774147008445066905367876640719724246522490808958976
84 -5910301246998508724652757131745390189583190660080467968
85 119205746183150725956420991194035476382632974446109917184
86 139822655106701456774780126438955915774198037201752686592
87 -137241788375848690771529681576256059717469202914629124096
88 -467571121033245301756173129154234868611966193556573388800
89 -168237225566916734697780485720309364913690890210436448256
90 871718117722862285620404574746815641778388133444627464192
91 1249978450440310258602773950660574885504702946728327774208
92 -613286069979643414759158106805920258857588228892447997952
93 -3235488223840218675436951485384383091775543559211139989504
94 -1928388122157109756092171765607150317573765376400563372032
95 4649244594769851752558150485557340543358288032922962231296
96 8323770626584987260969803480746463874713694939385769754624
97 -1050492944722037860922908879611664580086839034266513309696
98 -16878418569351084376625187180078337060149653510802439667712
99 -13914944066332963169730362266437431306852268900816594665472
100 18077585805080874905707171406164695250384253928109995196416
101 41797106094463145956010098049556059291299685172667553415168
102 6040152021696375755599034502325978037281703071109609422848
103 -67437772969695783241325638217072008790272769437853187833856
104 -70500417294615223366127815192234158339810154876929281359872
105 51520498035174335381030033860247702055651647752700411510784
106 161782127188550942533505369867524370583797485377361752883200
107 55180276792961085018685475972654785793839410691075316121600
108 -212961472486274273249440946559223876318693668385673460056064
109 -266056172822646395499014544868551675113574485245540631052288
110 111500138809150074603863339757705828020005180093113128976384
111 500099281314814804127752557517222778285117311428104086880256
112 234740207697220399541838528213811455064592982172270338244608
113 -561243155419932586294879886678513158491868349759161431490560
114 -788385198599758064666206147445435156482611445726288935911424
115 207400185061735832104314951053008451749129939223560385986560
116 1297677238338856004790304960149870035074014962452700715810816
117 686882034721397124154456466260506191302545972332166238961664
118 -1321741065391303225767473968520976066610738130191684284186624
119 -1942038836193136549410737378901607345299726476364558693826560
120 412576584287227286606333178498264218778818155406845575954432
121 2975392195870605867052454485756786914759938496629519708848128
122 1578036524096487322818697511085613558158189180430969347244032
123 -2907893727491969085243829151570557956093040773690067695697920
124 -4184618311654853215930338085324567597439037855919303745863680
125 937440719333339349722309152393655334276841088041306030080000
126 6201671057872908643788239915400251087396327730075948741033984
127 3079065560277782886897206120250730642834796726567525765087232
128 -5965325727578256382754923016153379617489813832258065667194880
129 -8087367724572538986512136302837122026934271461021388850069504
130 2137636322780325298581947098238169281251975397263068780036096
131 11762231582155784457533650704472653533001471104007829998010368
132 5241618953784917735207734676118622389848411227138227937738752
133 -11243038487849949150188390195955670969420567661375215210856448
134 -14033171512625093490306101536482105924385942827641169405542400
135 4590114640209266601073205961056419150351538412313086504468480
136 20252443891880787963016706992516565931509570068386983046021120
137 7683636800852009657361940987009552212174727007261482440720384
138 -19511208487932474453641727269913322562097408281211135787008000
139 -21896377461662269484369972388317595791209256771120904830976000
140 9193109752007944121052556267913291183869096737951031801675776
141 31919712293755763546323999413328248489417431742763761988141056
142 9561432905641617411140147856023702441079968190626850596978688
143 -31379219068304672781348769702899596515325440929464661181464576
144 -31082920402883244863018303837788253086032429800926116043358208
145 16730367747097449382741985426508632092549265141311817111568384
146 46397633510168973596174757453154495025556253241254949446483968
147 10007367959175423718748084740588865084772188525590841043714048
148 -46579168622098776406639645365159806311170623617864478041178112
149 -40448237088351252001608630651355148317285636627912810414276608
150 27206089608101831110615199487698649380836525046211801909559296
151 62134003379534676964335393607658508159736914685176968999174144
152 8224691889470203469084096243323199453412857866761464394448896
153 -63582877739778755051288784613338318570272652192359822622965760
154 -48138885415094556910949892687761251245947969058187106333392896
155 39946518883712910016507100800081210219452851500935528401338368
156 76710781817297078337589106953270264617261150113185315649445888
157 3583224259792722248509738302753312449142508862071055290810368
158 -80281558972385451611405121578429316081427752079558837469970432
159 -52516232201770588697735442524340575566095319066400392362098688
160 53639392699951333817124534943287209415160718493708489248653312
161 87997684919894839109348072160163356837451790617068242541514752
162 -3426724382696297600168191630399303570886698310251980514725888
163 -94276046127927198476401374392921022971969764120631731154491392
164 -53120223137900596333004663065301869584600958066258473435678720
165 65868322683450969533238936046728176118753076958013250136890368
166 94294609534412948375880223442685262110260291989301771176593408
167 -11127626429455664330089813647599352331513021381969638488140800
168 -102892673516197341309604880361096608600836279350748691764520448
169 -50109415354471964617571091872259241886899577635307860181109248
170 74063261372415496986376204344387416275662928469994458089141248
171 94398026641629272140708394848437057626513242061162722136806656
172 -17997626407465636565082351894104336628681339554470203117460224
173 -104583119967506979461655100031179640023167720132863615227500672
174 -44085768520524396364693609834201523225445919224802981258691328
175 77007267078281955383477148756493836405987513519765320052620736
176 88728045961816804423723035890272867956510757830803540203243584
177 -22847602153965405047382003110439158546937059202588449857496928
178 -99736900167452823896587217793991390301931323561085733469138496
179 -36682369694612155811165531522494056132682197806923207837558656
180 74470574003258094780098203613779356446879341558127749482694128
181 79057242401531462734824684900394499584249124874416415458528928
182 -24506307833187161538829613710652775883236619378883339356158336
183 -89533713247912974549085792945784269001446535201611222340301024
184 -29554073205583629657751305215063525646720449293438406123482560
185 66834974266456385615278164456643475196764430409507016743317960
186 66991604893837135687994362994018056412409589151420402746930248
187 -22877115544607050674471944868020253037634882409007812641841508
188 -75562718253758297067300920527159709492223022168379550417181764
189 -23263650933788611767129364100417074393528019027847545279796342
190 55765939907413212028306505299368312480549439475739227829519084
191 53992552972889568318070251030194093790935530798770535009501032
192 -19120265011046031055508418474330064072592735460398595885809049
193 -60171657159376286607789719629194479818258137494022404867465496
194 -18016491458897345296257312174837065156872466377511213651949540
195 43546124320924636074949010781055040664848844961299408862910694
196 41689294617473783910430955965838015798687887074272703291904916
197 -14360022661958468144727887469019921402483395892862061772570668
198 -45466569248468286868911053116768506634424880934194718944847740
199 -14043130365151535800605515405575866954670683918434341296106512
200 31766985676362822538884249599623016361465418490556899486770812
201 31028055040753360330141426089761075753895218686059939331370508
202 -9422079040318160168128970992756489155864838839482420106631530
203 -32509626320207450216071824858832132554174750982903312217574312
204 -11048814238030178221059643757614872076870258998154584020909481
205 21446691887581021145661980451168730367052684119242317708013776
206 22134785171090524164186923996667364369345542114038777729686248
207 -5203377283635665812503460621653163071730691435114172154649676
208 -21861691274108551531850383718474970242091008590124601338865546
209 -8528763381784940387457597964751221502342233173193974457599582
210 13351869739452073822737139492745122629484032352030802314309212
211 15047289573391085988795696299043931512560473848990765006116448
212 -2234102188652227122897155531689058848425593243506560037212387
213 -13835557988066909525506445211656675386458466444100352346131234
214 -6358957294063229966844928317242989321975518015612743570833946
215 7636402643682039441987919500049579165201015852792450764215418
216 9773191444157605012194742576563413362138030018697654178945531
217 -424296776361581909214466383554598629174967004041920128629672
218 -8222625583889612554499835845401853262912088633237975406813052
219 -4580672018665489861630254158698143296110482927174156236168682
220 3900713417610998776179393655824694076404315583300068768465830
221 6032530985421466923670448908172043056769950997214496264287290
222 510363639053780646226204499297314666229617038896357074757148
223 -4504025592452337926249432548475692789771525330352719917037904
224 -3127249719849211385313677343771382644154095740104305963045480
225 1662540889274492338805690883455368546411007571125422579241292
226 3466671190442753013945596564550140878997469784536553795587858
227 802291597430435461092444688130602767483841654892244917172030
228 -2209400248461536585714628181491277258609670232575929895654331
229 -1965810156826073655852115503022583760962947289274673443049602
230 508963885065175331972760072336954831152683860822088025881500
231 1817660688066120586488999844569053614437860839827356568146028
232 720317039145617587555118906286788625232712572045472681193577
233 -945786438731490383558722998907086243750674841932318120820102
234 -1123094953564311099310278315194387820189976262069242628026662
235 25405658810394766444869304911689228412684711922978529430006
236 862846323128849002725229918751834808478154221325904482273688
237 510631832329668536316319974648734991576416249648407793714046
238 -328447738978348404486666596767447678732811396297076099410790
239 -585547486239252442064873132113820332747534521757135588015494
240 -118963905615847801616273282163568442783846510053211717932941
241 357313237341635162145492658742105143600470839490470215509214
242 313228204304547697327845085457947914556087598289741316267602
243 -66034716721241898294534974577881183290210692018595332983202
244 -269073055390829960132520118210198170719408871270441460586694
245 -124437128731056676167799343466660845763786233558114774244798
246 116177441263474890523309392339068350381451717167321438641606
247 162628239539517463693027443493286507967913284092779020305790
248 22912406044377265877375521952657087946521671992651171465798
249 -101667785617927402346059779454322212834083231315282426705726
250 -80956829074687237196037626004311601582676507461231446564498
251 17507214897550776912978831470678504981955967259214190892538
252 68580051475108723281411777138991323630007540977035652319008
253 31827116926099888603323204118401419254861392590503893771798
254 -25265122329180662440625647405686445806874284380590695722970
255 -38921760971381144656574620306419917345123557732902173014902
256 -7815779878449764561508237032262222717271988705236122504066
257 20211510674666457936501341001170825899693275994406878559766
258 19049951498132449477481196406159810861570729252908766816050
259 -1294954579849312635534967292013804183148609442693184644478
260 -12770781583745472339073350949694661283090131494060315754876
261 -7996734177187470778764500268554199883101465720430323385464
262 3318647880430010568462195780003979308078021352059713639058
263 6905284267582595778838936120402924765771513303331883987510
264 2752729871232664902635974694892588012923938520883882098715
265 -2780358879101994973766552813636811432442408585297679860446
266 -3282813973390871521686651904737722744134798372310624654358
267 -651322668297131892547086165232076048017802827685311272096
268 1754344838268921890286647982627499832642731804656842151392
269 1378830578123548462358254526013783409169344357247438468472
270 -15841857470764734348006239146880106502791650587177523430
271 -943669521184071964524164247431417362345705490875631981670
272 -504257774838601316760272537985199229644141398839920582977
273 140290467206014059848239565514178652127885429888129850806
274 452082167453027324866213078375104673191988711936832097804
275 152516596403212403465089799562604481075689642015543140120
276 -110068329979573866368537913781912347218572274511545589861
277 -196855979035604232690347373031995126484621509695348472406
278 -31450208752782377998823607321593690662370994600510768102
279 61883418085880033401030051793584013564518683534320188662
280 78754627784588529534190002271048970562769344315170418258
281 -1463931964463140247571805878146615935614815609251759620
282 -29149205925251191301069693330840997753042824424809982132
283 -29117332486109005964200608882117537755637132346150857822
284 6232518884334391357172866981779880532906190175535070336
285 12059920967055106476269189551109718627040281749772434046
286 9979246815902432131066240024536347693052892315150384364
287 -4435697931926008518147283800557120556424770851440522236
288 -4454860796022199455781901696097423468267112641063925968
289 -3174412199336979432601462432880341596232906065610681404
290 2328692247225770075196158251755693569464931776470046146
291 1469801974949244607024412347061609453507057266087946790
292 937462863805002888907040771994929315164948686235677255
293 -1046147678752719934386285214661771938610660724315030444
294 -426273073116780645801877278852230316721784270551944768
295 -257075165420011468696418161088071289082995524723185580
296 422650777617412074601750699954264167117095459615073336
297 103499081531887803338310275916604732126216630768458498
298 65600720992509882665436123968536954468188311690723202
299 -157143957535263313494466053180029905935679724925386244
300 -17744334057362014689324239008171267633659327224836590
301 -15710339996211224548893197826119171557329428787502620
302 54458331913746801544598614944905102299661431807023462
303 -92439183844063124194463044903456738845019271134158
304 3616680760657621898161568062203468936371977306527110
305 -17728027639782346256714006789367841433593504208287950
306 1871887718609456622806496213426498096094511451720492
307 -843299691825302541628915793235329884017765343361928
308 5448694905976573105298875819533633858076790717835327
309 -1102511205974772328093657585083832620060194716620084
310 215034016702842662858370234878131904601910746674658
311 -1586565558500052296506037424881295468692195387077374
312 466444065228561139033902597298662901767851988073425
313 -62842792279214647552999458526916241829880278866500
314 438722639439113099381146292123876705407046740831716
315 -167472154224676226032865521231109396582791734115320
316 20320179815031907855944282073646024776652875209126
317 -115397747989885558022976992703732388274852846424954
318 53802426301201028162573098264050319079453041670676
319 -6736422408641581672036792062536229219568068930348
320 28903506978996536905816916393899688508579628796688
321 -15837658251132282613783135375557892112693990907072
322 2164131972146176993176456651162381792863659529556
323 -6898244131766473070096028903259389364536509063466
324 4326331485727896415728448932242469262497130256742
325 -656090074774140638903657772295761370011460941582
326 1569305544217519517684665583098369814315599744656
327 -1104982515518117484385542561599439805531378308408
328 186026241992339627338772426129576826663807693123
329 -340321185344842278095875012437348095593476619692
330 265134652964026868758305211140273342718735530078
331 -49266207652321448494588582958233247715927025206
332 70343058165975417701978921770559205929723196549
333 -59953748704887690320197704897971085902648998428
334 12204870583571609505624408081198579823293116712
335 -13853686588012636587818473943627102781129544452
336 12803267125555788242473191194511803146495963806
337 -2834650176141631674392695888862191550364933786
338 2598468900920525588188184337615087491349796674
339 -2585794015165575146268120832665904801060389564
340 618600994285632149940484879463357239481828646
341 -463893490207881870833068899729381045680119992
342 494350489321139540140699182748158331814470014
343 -127087438635980066566924349330688849048822714
344 78769678838769560163664852426134989054674596
345 -89512293739076019854356680354059908142231562
346 24618184493367482328331965448813901764281564
347 -12711200652331621879582471312379388776331528
348 15355011713036854453959784256529602791938945
349 -4501932280350544163849434450075475981395254
350 1947623174856246223104924134179592852839362
351 -2495442101717478931329334769261207187072858
352 777893982232207506107182955364981986779596
353 -283058573273380267030362884787870739461540
354 384146399977014211151009419994430669368748
355 -127082220180274956044049367464888367830246
356 38978021681262992938938852324258313148664
357 -55993989336757330636556787998456575811526
358 19635632900395941309260391106253823701652
359 -5079358107974388085251409497860219384820
360 7724172528774183916714459239468976575378
361 -2869804726534908773133769380404057723040
362 625557705851649303371352864342955615650
363 -1007694550417246914286132709096989461474
364 396702866189483866952733537820879082553
365 -72705060266901914871769490367263918694
366 124223359111189936332478997911112336700
367 -51850644257896081560488452442754207256
368 7961749670822666025129863732315314677
369 -14455574732915497807220859240789604134
370 6404784190415005208137214583337350426
371 -820044835835325468929950779872583534
372 1586031762489598435663295402189079264
373 -747169275802090235128832681970873906
374 79288733713645449365310797530926618
375 -163848071560535965575372763256175870
376 82246435712963523917909314877431645
377 -7181236507778890265756149407305154
378 15912846387606963601127262837876090
379 -8533618012047115735981268214642162
380 607806658884837559707875367510192
381 -1450318085610500997935114200501182
382 833515174774480412855702758110750
383 -47946123416419873995618739452618
384 123798914540878343505022356936738
385 -76526334384963276655529194175126
386 3514511006765235829962732341394
387 -9874677558485727014566267509942
388 6592925507106811248786777074064
389 -238580001374975548977093881994
390 734116985588962334274492006906
391 -531935482467488695228767692838
392 14941570926861468979715966130
393 -50719812445042926888022615638
394 40102952515083477266639254114
395 -859503257317488238107502878
396 3245782581148504778781913506
397 -2817851611655431581341402172
398 45184764181293237136473306
399 -191665890942515552638017390
400 184000157576462707834743837
401 -2158107810034558511133774
402 10398322652792314718684850
403 -11128406337154427879890892
404 92999464355637157468752
405 -515689087472843790549708
406 621027840064366014631962
407 -3586089580118915669478
408 23241673977557818315995
409 -31838616655198944318294
410 122500277866988026236
411 -945351850294456488156
412 1491990219227032857367
413 -3661300621362415482
414 34417023413915155314
415 -63530749786916965014
416 94248478992792852
417 -1110317480947817268
418 2441110889699859468
419 -2046879860564070
420 31348716735183870
421 -83940162444553296
422 36462263732496
423 -762512100034356
424 2557147621959105
425 -511426576584
426 15651803911842
427 -68160567932916
428 5294942415
429 -263588260236
430 1564727936576
431 -35966448
432 3496131618
433 -30303162330
434 120204
435 -34237560
436 481293561
437 0
438 220038
439 -6017746
440 0
441 -696
442 55524
443 0
444 0
445 -336
446 0
447 0
448 1
